-995, 878, 91
-1047, 953, 80
-1045, 877, 93
-997, 954, 80
-944, 880, 90
-947, 956, 79
-894, 881, 89
-896, 957, 77
-844, 883, 84
-846, 959, 74
-794, 884, 77
-796, 960, 67
-743, 886, 71
-746, 962, 60
-693, 887, 65
-696, 963, 58
-643, 889, 63
-645, 965, 62
-593, 890, 69
-595, 966, 75
-543, 892, 81
-545, 968, 91
-492, 893, 96
-495, 969, 107
-442, 895, 112
-444, 971, 122
-392, 896, 128
-394, 972, 138
-342, 898, 142
-344, 974, 152
-291, 899, 156
-294, 975, 168
-241, 901, 171
-243, 977, 183
-191, 902, 184
-193, 978, 194
-141, 904, 194
-143, 980, 200
-90, 905, 202
-93, 981, 203
-40, 907, 207
-43, 983, 204
10, 908, 209
8, 984, 202
60, 910, 207
58, 986, 197
110, 911, 202
108, 987, 191
161, 913, 197
158, 989, 186
211, 914, 194
209, 990, 184
261, 916, 196
259, 992, 185
311, 917, 200
309, 994, 190
362, 919, 201
359, 995, 192
412, 920, 199
410, 997, 190
462, 922, 193
460, 998, 183
512, 923, 184
510, 1000, 173
563, 925, 175
560, 1001, 160
613, 926, 178
610, 1003, 160
663, 928, 183
661, 1004, 165
713, 929, 188
711, 1006, 169
763, 931, 192
761, 1007, 171
814, 932, 194
811, 1009, 171
864, 934, 194
862, 1010, 170
914, 935, 193
912, 1012, 172
964, 937, 195
962, 1013, 177
975, 995, 183
975, 1014, 179
977, 937, 196
977, 918, 201
967, 861, 217
916, 859, 215
866, 857, 214
816, 856, 213
766, 854, 209
715, 853, 203
665, 851, 197
615, 850, 191
565, 848, 187
515, 847, 192
464, 845, 200
414, 844, 205
364, 842, 208
314, 841, 208
263, 839, 207
213, 838, 206
163, 836, 207
113, 835, 210
63, 833, 211
12, 832, 209
-38, 830, 203
-88, 829, 195
-138, 827, 182
-189, 826, 168
-239, 824, 154
-289, 823, 141
-339, 821, 129
-390, 820, 117
-440, 818, 102
-490, 817, 86
-540, 815, 74
-590, 814, 68
-641, 812, 70
-691, 811, 77
-741, 809, 83
-791, 808, 87
-842, 806, 90
-892, 805, 95
-942, 803, 98
-992, 802, 101
-1043, 800, 107
-990, 725, 110
-940, 727, 103
-890, 728, 99
-839, 730, 99
-789, 731, 99
-739, 733, 96
-689, 734, 89
-638, 736, 81
-588, 737, 72
-538, 739, 72
-488, 740, 82
-438, 742, 95
-387, 743, 108
-337, 745, 118
-287, 746, 127
-237, 748, 137
-186, 749, 153
-136, 751, 170
-86, 752, 185
-36, 754, 195
15, 755, 201
65, 757, 207
115, 759, 211
165, 760, 214
215, 762, 217
266, 763, 217
316, 765, 215
366, 766, 212
416, 768, 209
467, 769, 206
517, 771, 200
567, 772, 195
617, 774, 199
668, 775, 205
718, 777, 211
768, 778, 216
818, 780, 221
868, 781, 224
919, 783, 229
969, 784, 233
980, 842, 222
979, 861, 218
981, 785, 234
982, 766, 236
971, 708, 237
921, 706, 229
871, 705, 224
821, 703, 216
770, 702, 211
720, 700, 208
670, 699, 207
620, 697, 205
569, 696, 203
519, 694, 206
469, 693, 210
419, 691, 213
368, 690, 219
318, 688, 224
268, 687, 226
218, 685, 224
168, 684, 217
117, 682, 209
67, 681, 198
17, 679, 187
-33, 678, 181
-84, 676, 171
-134, 675, 157
-184, 673, 140
-234, 672, 124
-285, 670, 117
-335, 669, 108
-385, 667, 99
-435, 666, 88
-485, 664, 77
-536, 663, 70
-586, 661, 73
-636, 660, 84
-686, 658, 92
-737, 657, 100
-787, 655, 108
-837, 654, 112
-887, 652, 115
-938, 651, 119
-988, 649, 126
-1040, 724, 120
-1038, 648, 136
-985, 573, 147
-935, 574, 138
-885, 576, 132
-835, 577, 124
-785, 579, 115
-734, 580, 107
-684, 582, 100
-634, 583, 94
-584, 585, 85
-533, 586, 77
-483, 588, 77
-433, 589, 83
-383, 591, 90
-332, 592, 97
-282, 594, 105
-232, 595, 114
-182, 597, 126
-132, 598, 138
-81, 600, 150
-31, 601, 161
19, 603, 173
69, 604, 186
120, 606, 197
170, 607, 207
220, 609, 217
270, 610, 224
321, 612, 226
371, 613, 224
421, 615, 219
471, 616, 214
521, 618, 210
572, 619, 206
622, 621, 202
672, 622, 198
722, 624, 195
773, 625, 196
823, 627, 200
873, 629, 205
923, 630, 211
974, 632, 218
984, 689, 234
984, 708, 239
986, 632, 220
987, 613, 214
976, 555, 193
926, 554, 187
875, 552, 183
825, 551, 181
775, 549, 180
725, 548, 183
674, 546, 190
624, 545, 198
574, 543, 205
524, 542, 211
474, 540, 216
423, 539, 220
373, 537, 222
323, 536, 219
273, 534, 212
222, 533, 201
172, 531, 192
122, 530, 181
72, 528, 169
21, 527, 157
-29, 525, 145
-79, 524, 135
-129, 522, 126
-179, 520, 118
-230, 519, 110
-280, 517, 103
-330, 516, 96
-380, 514, 90
-431, 513, 86
-481, 511, 87
-531, 510, 93
-581, 508, 103
-632, 507, 109
-682, 505, 116
-732, 504, 122
-782, 502, 129
-833, 501, 139
-883, 499, 149
-933, 498, 156
-983, 496, 160
-1036, 571, 157
-1033, 495, 161
-981, 420, 157
-931, 422, 160
-880, 423, 158
-830, 425, 153
-780, 426, 146
-730, 428, 140
-680, 429, 133
-629, 431, 126
-579, 432, 122
-529, 434, 113
-479, 435, 105
-428, 437, 99
-378, 438, 98
-328, 440, 98
-278, 441, 100
-227, 443, 103
-177, 444, 109
-127, 446, 116
-77, 447, 123
-27, 449, 133
24, 450, 145
74, 452, 156
124, 453, 167
174, 455, 177
225, 456, 186
275, 458, 197
325, 459, 208
375, 461, 214
426, 462, 217
476, 464, 216
526, 465, 212
576, 467, 206
627, 468, 199
677, 470, 189
727, 471, 178
777, 473, 168
827, 474, 163
878, 476, 162
928, 477, 163
978, 479, 166
989, 537, 188
988, 556, 195
991, 479, 168
991, 460, 161
980, 403, 145
930, 401, 146
880, 400, 150
830, 398, 157
780, 397, 168
729, 395, 182
679, 394, 195
629, 392, 203
579, 390, 208
528, 389, 211
478, 387, 211
428, 386, 209
378, 384, 204
327, 383, 194
277, 381, 184
227, 380, 174
177, 378, 165
126, 377, 156
76, 375, 146
26, 374, 136
-24, 372, 127
-74, 371, 116
-125, 369, 108
-175, 368, 101
-225, 366, 99
-275, 365, 101
-326, 363, 105
-376, 362, 112
-426, 360, 119
-476, 359, 126
-527, 357, 133
-577, 356, 139
-627, 354, 142
-677, 353, 148
-728, 351, 155
-778, 350, 160
-828, 348, 161
-878, 347, 158
-928, 345, 151
-979, 344, 142
-1031, 419, 151
-1029, 342, 133
-976, 267, 126
-926, 269, 138
-876, 270, 150
-826, 272, 159
-775, 273, 163
-725, 275, 162
-675, 276, 159
-625, 278, 156
-575, 279, 155
-524, 281, 152
-474, 283, 146
-424, 284, 140
-374, 286, 133
-323, 287, 124
-273, 289, 114
-223, 290, 107
-173, 292, 104
-122, 293, 107
-72, 295, 116
-22, 296, 125
28, 298, 131
79, 299, 141
129, 301, 148
179, 302, 155
229, 304, 164
279, 305, 173
330, 307, 181
380, 308, 190
430, 310, 197
480, 311, 201
531, 313, 204
581, 314, 205
631, 316, 205
681, 317, 200
732, 319, 192
782, 320, 182
832, 322, 170
882, 323, 158
933, 325, 147
983, 326, 138
994, 384, 142
993, 403, 145
995, 327, 136
996, 308, 140
985, 250, 156
935, 248, 169
885, 247, 181
834, 245, 190
784, 244, 197
734, 242, 201
684, 241, 202
633, 239, 200
583, 238, 196
533, 236, 192
483, 235, 186
432, 233, 180
382, 232, 172
332, 230, 163
282, 229, 156
232, 227, 152
181, 226, 147
131, 224, 144
81, 223, 141
31, 221, 138
-20, 220, 136
-70, 218, 131
-120, 217, 126
-170, 215, 127
-221, 214, 133
-271, 212, 139
-321, 211, 146
-371, 209, 152
-422, 208, 157
-472, 206, 161
-522, 205, 165
-572, 203, 171
-622, 202, 173
-673, 200, 170
-723, 199, 165
-773, 197, 158
-823, 196, 148
-874, 194, 136
-924, 193, 122
-974, 191, 110
-1027, 266, 113
-1024, 190, 98
-972, 115, 100
-922, 116, 110
-871, 118, 123
-821, 119, 139
-771, 121, 150
-721, 122, 160
-670, 124, 168
-620, 125, 175
-570, 127, 181
-520, 128, 182
-469, 130, 182
-419, 131, 180
-369, 133, 174
-319, 134, 166
-269, 136, 162
-218, 137, 161
-168, 139, 158
-118, 140, 156
-68, 142, 156
-17, 143, 154
33, 145, 152
83, 146, 148
133, 148, 142
184, 149, 136
234, 151, 133
284, 152, 138
334, 154, 145
385, 155, 151
435, 157, 159
485, 158, 169
535, 160, 179
585, 162, 186
636, 163, 191
686, 165, 195
736, 166, 198
786, 168, 201
837, 169, 202
887, 171, 201
937, 172, 194
987, 174, 185
998, 231, 161
998, 250, 153
1000, 174, 183
1000, 155, 188
990, 97, 200
939, 96, 201
889, 94, 201
839, 93, 196
789, 91, 192
738, 90, 186
688, 88, 180
638, 87, 174
588, 85, 167
538, 84, 158
487, 82, 149
437, 81, 142
387, 79, 136
337, 78, 130
286, 76, 123
236, 75, 121
186, 73, 130
136, 72, 144
85, 70, 157
35, 69, 165
-15, 67, 171
-65, 66, 174
-116, 64, 179
-166, 63, 184
-216, 61, 188
-266, 60, 190
-316, 58, 193
-367, 57, 198
-417, 55, 197
-467, 54, 192
-517, 52, 186
-568, 51, 181
-618, 49, 171
-668, 48, 161
-718, 46, 151
-769, 45, 141
-819, 43, 128
-869, 42, 113
-919, 40, 102
-970, 39, 95
-1022, 113, 88
-1020, 37, 90
-967, -38, 103
-917, -36, 105
-867, -35, 111
-817, -33, 123
-766, -32, 136
-716, -30, 148
-666, -29, 159
-616, -27, 170
-565, -26, 180
-515, -24, 188
-465, -23, 197
-415, -21, 206
-364, -20, 213
-314, -18, 215
-264, -17, 216
-214, -15, 214
-163, -14, 209
-113, -12, 202
-63, -11, 194
-13, -9, 189
37, -8, 181
88, -6, 171
138, -5, 155
188, -3, 136
238, -2, 120
289, 0, 114
339, 1, 116
389, 3, 119
439, 4, 123
490, 6, 129
540, 7, 135
590, 9, 143
640, 10, 150
691, 12, 157
741, 13, 165
791, 15, 173
841, 16, 178
891, 18, 185
942, 19, 191
992, 21, 196
1003, 79, 199
1002, 98, 199
1005, 21, 196
1005, 2, 191
994, -55, 175
944, -57, 168
894, -58, 159
844, -60, 152
793, -61, 146
743, -63, 137
693, -64, 129
643, -66, 124
592, -67, 119
542, -69, 114
492, -70, 109
442, -72, 104
391, -74, 102
341, -75, 105
291, -77, 113
241, -78, 128
190, -80, 149
140, -81, 171
90, -83, 189
40, -84, 201
-10, -86, 210
-61, -87, 217
-111, -89, 225
-161, -90, 231
-211, -92, 233
-262, -93, 232
-312, -95, 226
-362, -96, 217
-412, -98, 210
-463, -99, 202
-513, -101, 193
-563, -102, 183
-613, -104, 173
-664, -105, 162
-714, -107, 151
-764, -108, 139
-814, -110, 126
-865, -111, 118
-915, -113, 120
-965, -114, 122
-1018, -39, 103
-1015, -116, 123
-963, -190, 141
-913, -189, 136
-862, -187, 133
-812, -186, 138
-762, -184, 148
-712, -183, 158
-661, -181, 167
-611, -180, 176
-561, -178, 186
-511, -177, 199
-460, -175, 208
-410, -174, 214
-360, -172, 219
-310, -171, 226
-259, -169, 230
-209, -168, 234
-159, -166, 237
-109, -165, 238
-58, -163, 237
-8, -162, 233
42, -160, 222
92, -159, 203
143, -157, 181
193, -156, 159
243, -154, 138
293, -153, 118
343, -151, 104
394, -150, 94
444, -148, 90
494, -147, 89
544, -145, 91
595, -144, 96
645, -142, 99
695, -141, 103
745, -139, 108
796, -138, 115
846, -136, 121
896, -135, 128
946, -133, 137
997, -132, 145
1007, -74, 168
1007, -55, 176
1009, -131, 146
1010, -150, 137
999, -208, 111
949, -210, 107
898, -211, 99
848, -213, 93
798, -214, 86
748, -216, 82
697, -217, 80
647, -219, 76
597, -220, 71
547, -222, 71
496, -223, 81
446, -225, 93
396, -226, 104
346, -228, 117
296, -229, 129
245, -231, 146
195, -232, 164
145, -234, 186
95, -235, 210
44, -237, 229
-6, -238, 234
-56, -240, 231
-106, -241, 228
-157, -243, 225
-207, -244, 221
-257, -246, 217
-307, -247, 214
-358, -249, 213
-408, -250, 212
-458, -252, 209
-508, -253, 204
-559, -255, 196
-609, -256, 185
-659, -258, 176
-709, -259, 167
-760, -261, 158
-810, -262, 150
-860, -264, 149
-910, -265, 155
-960, -267, 161
-1013, -192, 145
-1011, -268, 167
-958, -343, 178
-908, -342, 168
-858, -340, 162
-807, -339, 162
-757, -337, 167
-707, -336, 175
-657, -334, 184
-607, -333, 193
-556, -331, 204
-506, -330, 208
-456, -328, 206
-406, -327, 204
-355, -325, 204
-305, -324, 203
-255, -322, 204
-205, -321, 208
-154, -319, 213
-104, -318, 218
-54, -316, 223
-4, -315, 227
47, -313, 227
97, -312, 217
147, -310, 197
197, -309, 175
248, -307, 155
298, -305, 142
348, -304, 130
398, -302, 118
449, -301, 106
499, -299, 93
549, -298, 80
599, -296, 68
650, -295, 65
700, -293, 66
750, -292, 68
800, -290, 71
850, -289, 76
901, -287, 76
951, -286, 81
1001, -284, 84
1012, -227, 104
1011, -208, 112
1014, -284, 84
1014, -303, 78
1003, -361, 60
953, -362, 58
903, -364, 57
853, -365, 58
803, -367, 56
752, -368, 56
702, -370, 59
652, -371, 67
602, -373, 78
551, -374, 93
501, -376, 107
451, -377, 120
401, -379, 133
350, -380, 145
300, -382, 158
250, -383, 173
200, -385, 193
149, -386, 209
99, -388, 219
49, -389, 220
-1, -391, 217
-52, -392, 212
-102, -394, 205
-152, -395, 199
-202, -397, 194
-253, -398, 190
-303, -400, 191
-353, -401, 196
-403, -403, 201
-454, -404, 207
-504, -406, 213
-554, -407, 211
-604, -409, 203
-654, -410, 194
-705, -412, 185
-755, -413, 178
-805, -415, 172
-855, -416, 176
-906, -418, 183
-956, -419, 188
-1008, -345, 183
-1006, -421, 185
-954, -496, 189
-903, -494, 193
-853, -493, 189
-803, -491, 185
-753, -490, 188
-702, -488, 195
-652, -487, 203
-602, -485, 211
-552, -484, 217
-501, -482, 218
-451, -481, 212
-401, -479, 203
-351, -478, 193
-300, -476, 184
-250, -475, 178
-200, -473, 179
-150, -472, 184
-100, -470, 191
-49, -469, 199
1, -467, 205
51, -466, 211
101, -464, 215
152, -463, 213
202, -461, 204
252, -460, 188
302, -458, 172
353, -457, 157
403, -455, 144
453, -454, 133
503, -452, 119
554, -451, 104
604, -449, 90
654, -448, 75
704, -446, 61
755, -445, 51
805, -443, 45
855, -442, 43
905, -440, 40
956, -438, 38
1006, -437, 39
1017, -379, 55
1016, -360, 60
1018, -437, 39
1019, -456, 34
1008, -513, 20
958, -515, 20
908, -516, 25
857, -518, 32
807, -519, 41
757, -521, 53
707, -522, 65
656, -524, 78
606, -525, 96
556, -527, 111
506, -528, 125
455, -530, 138
405, -531, 148
355, -533, 160
305, -534, 174
254, -536, 189
204, -537, 200
154, -539, 206
104, -540, 205
53, -542, 199
3, -544, 191
-47, -545, 184
-97, -547, 176
-147, -548, 170
-198, -550, 168
-248, -551, 171
-298, -553, 184
-348, -554, 195
-399, -556, 206
-449, -557, 214
-499, -559, 219
-549, -560, 216
-600, -562, 212
-650, -563, 206
-700, -565, 200
-750, -566, 198
-801, -568, 199
-851, -569, 199
-901, -571, 193
-951, -572, 183
-1004, -497, 179
-1002, -574, 171
-949, -648, 174
-899, -647, 185
-849, -645, 195
-798, -644, 204
-748, -642, 206
-698, -641, 201
-648, -639, 196
-597, -638, 197
-547, -636, 200
-497, -635, 208
-447, -633, 208
-396, -632, 204
-346, -630, 196
-296, -629, 187
-246, -627, 175
-195, -626, 165
-145, -624, 161
-95, -623, 162
-45, -621, 166
6, -620, 172
56, -618, 182
106, -617, 189
156, -615, 188
207, -614, 182
257, -612, 171
307, -611, 157
357, -609, 143
407, -608, 135
458, -606, 127
508, -605, 117
558, -603, 104
608, -602, 89
659, -600, 70
709, -599, 55
759, -597, 43
809, -596, 33
860, -594, 26
910, -593, 21
960, -591, 11
1010, -590, 6
1021, -532, 16
1021, -513, 20
1023, -589, 6
1024, -608, 7
1013, -666, 16
962, -667, 23
912, -669, 32
862, -670, 36
812, -672, 37
761, -673, 42
711, -675, 50
661, -677, 59
611, -678, 71
561, -680, 82
510, -681, 93
460, -683, 103
410, -684, 112
360, -686, 120
309, -687, 132
259, -689, 144
209, -690, 156
159, -692, 163
108, -693, 164
58, -695, 160
8, -696, 155
-42, -698, 154
-93, -699, 157
-143, -701, 164
-193, -702, 172
-243, -704, 183
-294, -705, 188
-344, -707, 191
-394, -708, 192
-444, -710, 190
-495, -711, 184
-545, -713, 176
-595, -714, 177
-645, -716, 180
-696, -717, 187
-746, -719, 192
-796, -720, 188
-846, -722, 180
-897, -723, 171
-947, -725, 160
-999, -650, 160
-997, -726, 149
-945, -801, 143
-894, -800, 151
-844, -798, 158
-794, -797, 164
-744, -795, 168
-693, -794, 165
-643, -792, 159
-593, -791, 155
-543, -789, 156
-492, -788, 163
-442, -786, 169
-392, -785, 174
-342, -783, 178
-291, -782, 181
-241, -780, 181
-191, -778, 177
-141, -777, 170
-90, -775, 163
-40, -774, 155
10, -772, 147
60, -771, 144
111, -769, 143
161, -768, 140
211, -766, 133
261, -765, 125
312, -763, 116
362, -762, 106
412, -760, 100
462, -759, 95
513, -757, 91
563, -756, 84
613, -754, 76
663, -753, 69
714, -751, 63
764, -750, 59
814, -748, 56
864, -747, 50
915, -745, 43
965, -744, 33
1015, -742, 22
1026, -685, 15
1025, -666, 14
1028, -742, 19
1028, -761, 21
1017, -819, 30
967, -820, 43
917, -822, 54
867, -823, 65
816, -825, 75
766, -826, 80
716, -828, 84
666, -829, 89
615, -831, 96
565, -832, 103
515, -834, 109
465, -835, 113
414, -837, 115
364, -838, 119
314, -840, 123
264, -841, 128
213, -843, 131
163, -844, 135
113, -846, 140
63, -847, 145
12, -849, 151
-38, -850, 159
-88, -852, 166
-138, -853, 170
-189, -855, 173
-239, -856, 174
-289, -858, 169
-339, -859, 163
-390, -861, 156
-440, -862, 149
-490, -864, 142
-540, -865, 135
-591, -867, 134
-641, -868, 138
-691, -870, 142
-741, -871, 143
-792, -873, 139
-842, -874, 134
-892, -876, 129
-942, -877, 125
-995, -803, 134
-992, -879, 120
-940, -954, 107
-890, -952, 109
-839, -951, 113
-789, -949, 119
-739, -948, 122
-689, -946, 124
-639, -945, 121
-588, -943, 116
-538, -942, 114
-488, -940, 120
-438, -939, 129
-387, -937, 138
-337, -936, 147
-287, -934, 156
-237, -933, 160
-186, -931, 161
-136, -930, 162
-86, -928, 163
-36, -927, 162
15, -925, 159
65, -924, 155
115, -922, 150
165, -921, 147
216, -919, 147
266, -918, 149
316, -916, 148
366, -915, 147
417, -913, 144
467, -912, 140
517, -910, 136
567, -909, 130
618, -907, 122
668, -905, 113
718, -904, 104
768, -902, 97
819, -901, 87
869, -899, 72
919, -898, 59
969, -896, 47
1020, -895, 35
1030, -837, 28
1030, -818, 27
1032, -895, 32
1033, -914, 31
1022, -971, 26
972, -973, 37
921, -974, 51
871, -976, 67
821, -977, 85
771, -979, 102
720, -980, 116
670, -982, 130
620, -983, 145
570, -985, 153
519, -986, 159
469, -988, 163
419, -989, 167
369, -991, 172
318, -992, 174
268, -994, 170
218, -995, 165
168, -997, 163
117, -998, 163
67, -1000, 161
17, -1001, 160
-33, -1003, 158
-84, -1004, 155
-134, -1006, 150
-184, -1007, 146
-234, -1009, 141
-285, -1010, 138
-335, -1012, 129
-385, -1013, 119
-435, -1015, 109
-485, -1016, 100
-536, -1018, 97
-586, -1019, 103
-636, -1021, 108
-686, -1022, 109
-737, -1024, 105
-787, -1025, 102
-837, -1027, 98
-887, -1028, 92
-938, -1030, 88
-990, -955, 104
-988, -1031, 86
-938, -1031, 88
-887, -1030, 92
-837, -1028, 98
-787, -1027, 102
-737, -1025, 105
-686, -1024, 109
-636, -1022, 108
-586, -1021, 103
-536, -1019, 97
-485, -1018, 100
-435, -1016, 109
-385, -1015, 119
-335, -1013, 129
-284, -1012, 138
-234, -1010, 141
-184, -1009, 146
-134, -1007, 150
-83, -1006, 155
-33, -1004, 158
17, -1003, 160
67, -1001, 161
118, -1000, 163
168, -998, 163
218, -997, 165
268, -995, 170
318, -994, 174
369, -992, 173
419, -991, 168
469, -989, 164
519, -988, 160
570, -986, 154
620, -985, 145
670, -983, 130
720, -982, 116
771, -980, 102
821, -979, 85
871, -977, 67
921, -976, 51
972, -974, 37
1022, -972, 26
1034, -971, 24
-987, -1033, 86
-1021, 915, 86
-1046, 915, 87
-1026, 887, 91
-996, 921, 85
-1025, 954, 80
-971, 922, 85
-969, 879, 91
-949, 922, 85
-972, 955, 80
-921, 923, 84
-919, 880, 90
-899, 924, 83
-922, 957, 78
-870, 925, 81
-869, 882, 87
-848, 925, 79
-871, 958, 76
-820, 926, 75
-819, 883, 81
-798, 927, 72
-821, 960, 71
-770, 928, 68
-769, 885, 74
-748, 928, 65
-771, 961, 64
-720, 929, 62
-718, 886, 68
-698, 930, 61
-721, 963, 59
-669, 931, 61
-668, 888, 64
-647, 931, 62
-670, 964, 60
-619, 932, 66
-618, 889, 65
-597, 933, 71
-620, 966, 69
-569, 934, 79
-568, 891, 75
-547, 934, 86
-570, 967, 83
-519, 935, 95
-517, 892, 89
-497, 936, 101
-520, 969, 99
-468, 937, 110
-467, 894, 104
-447, 937, 117
-469, 970, 115
-418, 938, 126
-417, 895, 120
-396, 939, 133
-419, 972, 130
-368, 940, 141
-367, 897, 135
-346, 940, 147
-369, 973, 145
-318, 941, 155
-317, 898, 149
-296, 942, 162
-319, 975, 160
-268, 943, 171
-266, 900, 164
-246, 943, 177
-269, 976, 176
-217, 944, 185
-216, 901, 178
-195, 945, 190
-218, 978, 189
-167, 946, 195
-166, 903, 190
-145, 946, 198
-168, 979, 197
-117, 947, 201
-116, 904, 199
-95, 948, 203
-118, 981, 202
-67, 949, 205
-65, 906, 205
-45, 949, 206
-68, 982, 204
-16, 950, 206
-15, 907, 209
6, 951, 206
-17, 984, 203
34, 952, 204
35, 909, 209
56, 952, 202
33, 985, 200
84, 953, 199
85, 910, 205
106, 954, 197
83, 987, 194
134, 955, 193
136, 912, 200
156, 955, 191
133, 988, 189
184, 956, 189
186, 913, 195
206, 957, 189
183, 990, 185
235, 958, 189
236, 915, 195
257, 959, 190
234, 991, 185
285, 959, 192
286, 916, 198
307, 960, 194
284, 993, 188
335, 961, 196
336, 918, 201
357, 962, 196
334, 994, 191
385, 962, 196
387, 919, 201
407, 963, 195
384, 996, 191
436, 964, 192
437, 921, 197
458, 965, 188
435, 997, 187
486, 965, 183
487, 922, 189
508, 966, 179
485, 999, 178
536, 967, 172
537, 924, 179
558, 968, 168
535, 1000, 167
586, 968, 167
588, 925, 176
608, 969, 169
585, 1002, 160
637, 970, 171
638, 927, 180
659, 971, 173
636, 1003, 163
687, 971, 176
688, 929, 186
709, 972, 178
686, 1005, 167
737, 973, 180
738, 930, 191
759, 974, 181
736, 1006, 170
787, 974, 181
789, 932, 194
809, 975, 182
786, 1008, 171
837, 976, 181
839, 933, 194
859, 977, 181
836, 1009, 171
888, 978, 181
889, 935, 194
910, 978, 181
887, 1011, 171
940, 976, 184
942, 933, 195
960, 982, 184
937, 1012, 175
972, 1000, 181
972, 963, 190
975, 1004, 181
968, 1013, 178
976, 966, 189
972, 942, 194
977, 928, 199
973, 920, 200
965, 901, 205
974, 887, 210
943, 894, 207
915, 897, 205
944, 856, 217
890, 896, 205
865, 896, 205
891, 858, 215
840, 895, 205
815, 894, 205
841, 857, 214
790, 893, 204
765, 893, 202
791, 855, 212
739, 892, 199
714, 891, 197
741, 854, 206
689, 890, 194
664, 890, 191
690, 852, 200
639, 889, 188
614, 888, 185
640, 851, 194
589, 887, 183
564, 887, 182
590, 849, 188
539, 886, 185
513, 885, 189
540, 848, 189
488, 884, 193
463, 884, 197
489, 846, 196
438, 883, 200
413, 882, 202
439, 845, 203
388, 881, 204
363, 881, 205
389, 843, 207
338, 880, 205
313, 879, 204
339, 842, 208
287, 878, 203
262, 878, 202
289, 840, 208
237, 877, 201
212, 876, 200
238, 839, 207
187, 875, 201
162, 874, 203
188, 837, 207
137, 874, 205
112, 873, 207
138, 836, 209
86, 872, 209
61, 871, 210
88, 834, 211
36, 871, 211
11, 870, 210
37, 833, 211
-14, 869, 209
-39, 868, 206
-13, 831, 206
-64, 868, 203
-89, 867, 199
-63, 830, 200
-114, 866, 195
-140, 865, 189
-113, 828, 189
-165, 865, 183
-190, 864, 177
-164, 827, 176
-215, 863, 170
-240, 862, 163
-214, 825, 161
-265, 862, 156
-290, 861, 149
-264, 824, 147
-315, 860, 142
-340, 859, 136
-314, 822, 135
-366, 859, 129
-391, 858, 123
-364, 821, 123
-416, 857, 115
-441, 856, 107
-415, 819, 110
-466, 856, 99
-491, 855, 91
-465, 818, 94
-516, 854, 84
-541, 853, 77
-515, 816, 80
-567, 853, 72
-592, 852, 68
-565, 815, 70
-617, 851, 66
-642, 850, 66
-616, 813, 68
-667, 850, 68
-692, 849, 71
-666, 812, 74
-717, 848, 74
-742, 847, 77
-716, 810, 80
-767, 847, 80
-793, 846, 82
-766, 809, 85
-818, 845, 85
-843, 844, 88
-817, 807, 89
-868, 844, 90
-893, 843, 92
-867, 806, 93
-918, 842, 94
-943, 841, 94
-917, 804, 97
-968, 841, 95
-994, 845, 96
-967, 803, 100
-1020, 873, 93
-1019, 839, 98
-1044, 838, 100
-1024, 810, 103
-1017, 796, 105
-991, 768, 104
-1016, 763, 109
-966, 764, 102
-965, 726, 106
-941, 765, 100
-916, 766, 98
-915, 728, 101
-891, 767, 97
-866, 767, 96
-864, 729, 99
-840, 768, 95
-815, 769, 94
-814, 731, 99
-790, 770, 94
-765, 770, 92
-764, 732, 98
-740, 771, 90
-715, 772, 87
-714, 734, 93
-690, 773, 84
-665, 773, 80
-664, 735, 86
-640, 774, 76
-614, 775, 72
-613, 737, 76
-589, 776, 70
-564, 776, 70
-563, 738, 71
-539, 777, 73
-514, 778, 78
-513, 740, 77
-489, 779, 84
-464, 779, 91
-463, 741, 89
-439, 780, 98
-414, 781, 106
-412, 743, 102
-388, 782, 113
-363, 782, 118
-362, 744, 113
-338, 783, 123
-313, 784, 129
-312, 746, 123
-288, 785, 134
-263, 785, 139
-262, 747, 132
-238, 786, 146
-213, 787, 153
-211, 749, 145
-188, 788, 161
-162, 788, 169
-161, 750, 162
-137, 789, 176
-112, 790, 184
-111, 752, 178
-87, 791, 191
-62, 791, 196
-61, 753, 191
-37, 792, 200
-12, 793, 203
-11, 755, 198
13, 794, 206
39, 794, 208
40, 756, 205
64, 795, 210
89, 796, 211
90, 758, 210
114, 797, 212
139, 797, 212
140, 759, 213
164, 798, 211
189, 799, 212
190, 761, 216
214, 800, 212
239, 800, 212
241, 762, 217
265, 801, 212
290, 802, 212
291, 764, 216
315, 803, 212
340, 803, 211
341, 765, 214
365, 804, 210
390, 805, 209
391, 767, 211
415, 806, 208
440, 806, 206
442, 768, 208
465, 807, 204
491, 808, 200
492, 770, 203
516, 809, 196
541, 809, 193
542, 771, 197
566, 810, 191
591, 811, 193
592, 773, 197
616, 812, 196
641, 813, 199
642, 774, 202
666, 813, 202
692, 814, 205
693, 776, 208
717, 815, 208
742, 816, 211
743, 777, 214
767, 816, 214
792, 817, 217
793, 779, 219
817, 818, 219
842, 819, 220
843, 780, 223
867, 819, 221
892, 820, 222
894, 782, 227
918, 821, 224
945, 818, 226
946, 780, 232
968, 825, 225
976, 844, 221
977, 811, 228
979, 851, 220
974, 866, 216
978, 890, 209
981, 813, 228
977, 789, 233
982, 775, 235
978, 768, 236
970, 748, 236
979, 734, 237
947, 742, 235
920, 745, 231
949, 704, 233
895, 744, 228
870, 743, 226
896, 706, 227
845, 742, 224
819, 741, 221
846, 704, 220
794, 741, 218
769, 740, 215
795, 703, 214
744, 739, 213
719, 738, 211
745, 701, 210
694, 738, 209
669, 737, 207
695, 700, 208
644, 736, 205
618, 735, 203
645, 698, 206
593, 735, 201
568, 734, 200
595, 697, 204
543, 733, 201
518, 732, 204
544, 695, 205
493, 732, 206
468, 731, 208
494, 694, 208
443, 730, 210
418, 729, 211
444, 692, 212
392, 729, 213
367, 728, 216
394, 690, 216
342, 727, 218
317, 726, 220
343, 689, 222
292, 726, 222
267, 725, 222
293, 687, 226
242, 724, 223
217, 723, 222
243, 686, 226
192, 723, 220
166, 722, 217
193, 684, 221
141, 721, 214
116, 720, 211
142, 683, 213
91, 720, 208
66, 719, 204
92, 681, 204
41, 718, 199
16, 717, 195
42, 680, 193
-9, 717, 192
-35, 716, 189
-8, 678, 184
-60, 715, 184
-85, 714, 179
-58, 677, 177
-110, 714, 172
-135, 713, 164
-109, 675, 164
-160, 712, 156
-185, 711, 147
-159, 674, 149
-210, 711, 138
-235, 710, 131
-209, 672, 132
-261, 709, 125
-286, 708, 122
-259, 671, 121
-311, 708, 118
-336, 707, 113
-310, 669, 113
-361, 706, 109
-386, 705, 104
-360, 668, 104
-411, 705, 98
-436, 704, 92
-410, 666, 94
-461, 703, 86
-487, 702, 80
-460, 665, 83
-512, 702, 74
-537, 701, 71
-511, 663, 73
-562, 700, 70
-587, 699, 73
-561, 662, 71
-612, 699, 77
-637, 698, 83
-611, 660, 79
-662, 697, 87
-688, 696, 91
-661, 659, 89
-713, 696, 95
-738, 695, 98
-712, 657, 96
-763, 694, 101
-788, 693, 103
-762, 656, 104
-813, 693, 105
-838, 692, 105
-812, 654, 110
-863, 691, 106
-888, 690, 107
-862, 653, 114
-914, 690, 108
-939, 689, 111
-912, 651, 117
-964, 688, 114
-989, 692, 117
-963, 650, 122
-1015, 720, 116
-1014, 687, 123
-1022, 734, 114
-1041, 762, 114
-1039, 686, 128
-1019, 658, 130
-1013, 644, 132
-987, 616, 136
-1012, 610, 142
-962, 612, 132
-960, 574, 143
-936, 612, 128
-911, 613, 126
-910, 575, 135
-886, 614, 123
-861, 615, 121
-860, 577, 128
-836, 615, 118
-811, 616, 115
-810, 578, 120
-786, 617, 111
-761, 618, 108
-759, 580, 111
-735, 618, 103
-710, 619, 99
-709, 581, 104
-685, 620, 96
-660, 621, 92
-659, 583, 97
-635, 621, 89
-610, 622, 84
-609, 584, 90
-585, 623, 78
-560, 624, 74
-559, 586, 81
-535, 624, 72
-509, 625, 73
-508, 587, 76
-484, 626, 76
-459, 627, 80
-458, 589, 80
-434, 627, 85
-409, 628, 90
-408, 590, 87
-384, 629, 94
-359, 630, 98
-358, 592, 94
-334, 630, 102
-309, 631, 106
-307, 593, 101
-283, 632, 111
-258, 633, 115
-257, 595, 110
-233, 633, 119
-208, 634, 125
-207, 596, 120
-183, 635, 133
-158, 636, 140
-157, 598, 132
-133, 636, 147
-108, 637, 155
-106, 599, 144
-82, 638, 161
-57, 639, 166
-56, 601, 156
-32, 639, 172
-7, 640, 176
-6, 602, 168
18, 641, 181
43, 642, 186
44, 604, 179
68, 643, 193
93, 643, 198
94, 605, 192
118, 644, 204
144, 645, 209
145, 607, 203
169, 646, 213
194, 646, 218
195, 608, 212
219, 647, 222
244, 648, 225
245, 610, 221
269, 649, 227
294, 649, 227
295, 611, 226
319, 650, 226
345, 651, 225
346, 613, 226
370, 652, 223
395, 652, 220
396, 614, 222
420, 653, 217
445, 654, 214
446, 616, 217
470, 655, 212
495, 655, 211
496, 617, 212
520, 656, 209
545, 657, 207
547, 619, 208
571, 658, 205
596, 658, 204
597, 620, 204
621, 659, 204
646, 660, 204
647, 622, 200
671, 661, 203
696, 661, 203
697, 623, 197
721, 662, 203
746, 663, 203
748, 625, 195
771, 664, 205
797, 664, 207
798, 626, 198
822, 665, 209
847, 666, 212
848, 628, 202
872, 667, 216
897, 667, 219
898, 629, 208
922, 668, 222
950, 665, 225
951, 627, 214
972, 672, 229
980, 691, 235
981, 658, 226
984, 699, 237
979, 713, 239
983, 737, 238
985, 661, 227
981, 637, 221
986, 622, 217
983, 615, 214
975, 596, 207
984, 582, 203
952, 589, 202
924, 592, 200
953, 551, 189
899, 591, 197
874, 590, 194
901, 553, 185
849, 590, 192
824, 589, 191
850, 551, 182
799, 588, 189
774, 587, 188
800, 550, 180
749, 587, 188
724, 586, 189
750, 548, 181
698, 585, 191
673, 584, 194
700, 547, 187
648, 584, 197
623, 583, 200
649, 545, 194
598, 582, 203
573, 581, 206
599, 544, 202
548, 581, 208
523, 580, 211
549, 542, 208
497, 579, 213
472, 578, 216
499, 541, 214
447, 578, 218
422, 577, 220
448, 539, 218
397, 576, 223
372, 575, 224
398, 538, 222
347, 574, 225
322, 574, 224
348, 536, 221
297, 573, 222
271, 572, 219
298, 535, 216
246, 571, 215
221, 571, 210
247, 533, 207
196, 570, 205
171, 569, 200
197, 532, 197
146, 568, 195
121, 568, 190
147, 530, 187
96, 567, 184
71, 566, 178
97, 529, 175
45, 565, 171
20, 565, 165
47, 527, 163
-5, 564, 159
-30, 563, 153
-4, 526, 151
-55, 562, 147
-80, 562, 142
-54, 524, 140
-105, 561, 137
-130, 560, 132
-104, 523, 131
-156, 559, 127
-181, 559, 122
-154, 521, 122
-206, 558, 117
-231, 557, 112
-205, 520, 114
-256, 556, 108
-281, 556, 104
-255, 518, 107
-306, 555, 100
-331, 554, 96
-305, 517, 100
-356, 553, 93
-382, 553, 90
-355, 515, 93
-407, 552, 86
-432, 551, 84
-406, 514, 88
-457, 550, 82
-482, 550, 81
-456, 512, 86
-507, 549, 82
-532, 548, 84
-506, 511, 90
-557, 547, 89
-583, 547, 94
-556, 509, 98
-608, 546, 98
-633, 545, 101
-606, 508, 107
-658, 544, 104
-683, 544, 108
-657, 506, 113
-708, 543, 111
-733, 542, 114
-707, 505, 119
-758, 541, 118
-783, 541, 122
-757, 503, 126
-809, 540, 127
-834, 539, 132
-807, 502, 134
-859, 538, 136
-884, 538, 141
-858, 500, 145
-909, 537, 145
-934, 536, 148
-908, 499, 153
-959, 535, 152
-985, 539, 154
-958, 497, 159
-1010, 567, 154
-1009, 534, 158
-1017, 581, 151
-1037, 609, 147
-1035, 533, 159
-1015, 505, 161
-1008, 491, 161
-982, 463, 160
-1007, 458, 159
-957, 459, 161
-956, 421, 159
-932, 460, 160
-907, 461, 158
-906, 422, 160
-882, 461, 155
-857, 462, 151
-855, 424, 156
-831, 463, 147
-806, 464, 142
-805, 425, 150
-781, 464, 138
-756, 465, 134
-755, 427, 143
-731, 466, 131
-706, 467, 128
-705, 428, 137
-681, 467, 125
-656, 468, 121
-654, 430, 130
-630, 469, 118
-605, 470, 116
-604, 431, 124
-580, 470, 113
-555, 471, 108
-554, 433, 118
-530, 472, 103
-505, 473, 99
-504, 434, 109
-480, 473, 96
-455, 474, 93
-453, 436, 102
-430, 475, 92
-404, 476, 92
-403, 437, 98
-379, 476, 93
-354, 477, 95
-353, 439, 98
-329, 478, 97
-304, 479, 99
-303, 440, 99
-279, 479, 101
-254, 480, 104
-253, 442, 102
-229, 481, 107
-203, 482, 110
-202, 443, 106
-178, 482, 114
-153, 483, 117
-152, 445, 113
-128, 484, 121
-103, 485, 125
-102, 446, 120
-78, 485, 129
-53, 486, 134
-52, 448, 128
-28, 487, 139
-3, 488, 145
-1, 449, 139
23, 488, 151
48, 489, 157
49, 451, 151
73, 490, 162
98, 491, 168
99, 452, 162
123, 491, 174
148, 492, 179
149, 454, 172
173, 493, 184
198, 494, 189
200, 455, 182
224, 494, 194
249, 495, 199
250, 457, 192
274, 496, 205
299, 497, 210
300, 458, 203
324, 497, 214
349, 498, 217
350, 460, 212
374, 499, 219
399, 500, 220
400, 462, 216
424, 500, 219
450, 501, 218
451, 463, 217
475, 502, 217
500, 503, 214
501, 465, 215
525, 503, 212
550, 504, 209
551, 466, 209
575, 505, 206
600, 506, 202
601, 468, 203
625, 506, 198
650, 507, 194
652, 469, 195
676, 508, 189
701, 509, 184
702, 471, 184
726, 509, 180
751, 510, 176
752, 472, 173
776, 511, 173
801, 512, 172
802, 474, 165
826, 513, 171
851, 513, 172
853, 475, 163
877, 514, 172
902, 515, 173
903, 477, 162
927, 516, 175
954, 513, 176
956, 475, 164
977, 519, 181
985, 539, 188
986, 505, 176
989, 546, 191
984, 560, 196
988, 584, 204
990, 508, 178
986, 484, 168
991, 470, 164
987, 462, 162
979, 443, 156
988, 429, 153
957, 436, 153
929, 439, 153
958, 398, 145
904, 438, 154
879, 438, 154
905, 400, 148
854, 437, 156
829, 436, 158
855, 399, 153
803, 435, 162
778, 435, 167
805, 397, 162
753, 434, 173
728, 433, 179
754, 396, 175
703, 432, 186
678, 432, 192
704, 394, 189
653, 431, 197
628, 430, 201
654, 393, 200
603, 429, 205
577, 429, 208
604, 391, 206
552, 428, 210
527, 427, 212
553, 390, 210
502, 426, 214
477, 426, 214
503, 388, 212
452, 425, 215
427, 424, 214
453, 387, 211
402, 423, 212
377, 423, 210
403, 385, 207
351, 422, 206
326, 421, 201
353, 384, 200
301, 420, 196
276, 420, 191
302, 382, 189
251, 419, 185
226, 418, 180
252, 381, 179
201, 417, 175
176, 417, 171
202, 379, 170
150, 416, 166
125, 415, 161
152, 378, 161
100, 414, 156
75, 414, 151
101, 376, 151
50, 413, 146
25, 412, 140
51, 375, 142
0, 411, 135
-25, 411, 130
1, 373, 131
-50, 410, 124
-76, 409, 119
-49, 372, 122
-101, 408, 115
-126, 408, 112
-100, 370, 112
-151, 407, 108
-176, 406, 105
-150, 369, 104
-201, 405, 102
-226, 405, 100
-200, 367, 100
-251, 404, 100
-277, 403, 100
-250, 366, 100
-302, 402, 100
-327, 401, 101
-301, 364, 103
-352, 401, 102
-377, 400, 104
-351, 363, 109
-402, 399, 106
-427, 398, 109
-401, 361, 116
-452, 398, 112
-477, 397, 116
-451, 360, 123
-503, 396, 120
-528, 395, 123
-501, 358, 130
-553, 395, 128
-578, 394, 131
-552, 357, 137
-603, 393, 133
-628, 392, 134
-602, 355, 141
-653, 392, 138
-678, 391, 141
-652, 354, 145
-704, 390, 145
-729, 389, 148
-702, 352, 152
-754, 389, 151
-779, 388, 154
-753, 351, 158
-804, 387, 157
-829, 386, 159
-803, 349, 161
-854, 386, 159
-879, 385, 160
-853, 348, 160
-904, 384, 159
-930, 383, 157
-903, 346, 155
-955, 383, 154
-980, 387, 151
-954, 345, 147
-1006, 415, 154
-1005, 381, 146
-1013, 429, 156
-1032, 457, 156
-1030, 380, 142
-1010, 352, 139
-1004, 338, 137
-978, 310, 136
-1003, 305, 129
-952, 306, 140
-951, 268, 132
-927, 307, 145
-902, 308, 150
-901, 270, 145
-877, 309, 155
-852, 309, 159
-851, 271, 155
-827, 310, 161
-802, 311, 163
-801, 273, 162
-777, 312, 163
-751, 312, 162
-750, 274, 163
-726, 313, 159
-701, 314, 157
-700, 276, 161
-676, 315, 154
-651, 315, 151
-650, 277, 158
-626, 316, 150
-601, 317, 148
-600, 279, 156
-576, 318, 148
-551, 318, 146
-549, 280, 154
-525, 319, 143
-500, 320, 140
-499, 282, 149
-475, 321, 137
-450, 321, 133
-449, 283, 143
-425, 322, 130
-400, 323, 126
-399, 285, 137
-375, 324, 123
-350, 324, 118
-348, 286, 129
-324, 325, 114
-299, 326, 109
-298, 288, 119
-274, 327, 106
-249, 327, 103
-248, 289, 111
-224, 328, 101
-199, 329, 100
-198, 291, 105
-174, 330, 101
-149, 330, 103
-148, 292, 105
-124, 331, 106
-98, 332, 111
-97, 294, 112
-73, 333, 115
-48, 333, 120
-47, 295, 121
-23, 334, 125
2, 335, 129
3, 297, 128
27, 336, 133
52, 336, 138
53, 298, 136
77, 337, 143
103, 338, 147
104, 300, 145
128, 339, 152
153, 339, 156
154, 301, 152
178, 340, 160
203, 341, 165
204, 303, 160
228, 342, 170
253, 342, 174
254, 304, 169
278, 343, 179
303, 344, 183
305, 306, 177
329, 345, 188
354, 346, 193
355, 307, 186
379, 346, 198
404, 347, 201
405, 309, 194
429, 348, 204
454, 349, 206
455, 310, 199
479, 349, 207
504, 350, 208
506, 312, 203
529, 351, 208
555, 352, 208
556, 313, 205
580, 352, 208
605, 353, 207
606, 315, 206
630, 354, 205
655, 355, 202
656, 316, 203
680, 355, 198
705, 356, 193
706, 318, 197
730, 357, 187
756, 358, 181
757, 319, 188
781, 358, 174
806, 359, 168
807, 321, 176
831, 360, 162
856, 361, 157
857, 322, 164
881, 361, 152
906, 362, 148
907, 324, 153
931, 363, 144
959, 360, 141
960, 322, 143
982, 367, 141
990, 386, 142
991, 353, 139
993, 393, 143
988, 408, 146
992, 432, 153
994, 355, 139
990, 331, 137
996, 317, 138
992, 310, 139
984, 290, 145
993, 276, 148
961, 284, 151
934, 287, 157
962, 246, 164
909, 286, 163
883, 285, 169
910, 248, 175
858, 284, 175
833, 284, 180
859, 246, 186
808, 283, 186
783, 282, 190
809, 245, 194
758, 281, 194
733, 281, 198
759, 243, 200
708, 280, 200
683, 279, 202
709, 242, 202
657, 278, 204
632, 278, 204
659, 240, 202
607, 277, 203
582, 276, 201
608, 239, 198
557, 275, 200
532, 274, 199
558, 237, 195
507, 274, 197
482, 273, 194
508, 236, 190
456, 272, 192
431, 271, 189
458, 234, 183
406, 271, 186
381, 270, 182
407, 233, 176
356, 269, 177
331, 268, 173
357, 231, 168
306, 268, 169
281, 267, 165
307, 230, 160
256, 266, 162
230, 265, 158
257, 228, 154
205, 265, 155
180, 264, 151
206, 227, 149
155, 263, 149
130, 262, 146
156, 225, 146
105, 262, 144
80, 261, 140
106, 223, 143
55, 260, 137
29, 259, 134
56, 222, 140
4, 259, 132
-21, 258, 129
5, 220, 138
-46, 257, 126
-71, 256, 122
-45, 219, 134
-96, 256, 118
-121, 255, 115
-95, 217, 129
-146, 254, 114
-171, 253, 114
-145, 216, 126
-197, 253, 116
-222, 252, 119
-195, 214, 130
-247, 251, 122
-272, 250, 126
-246, 213, 136
-297, 250, 131
-322, 249, 136
-296, 211, 143
-347, 248, 139
-372, 247, 143
-346, 210, 149
-398, 247, 146
-423, 246, 149
-396, 208, 155
-448, 245, 151
-473, 244, 154
-447, 207, 160
-498, 244, 156
-523, 243, 158
-497, 205, 164
-548, 242, 161
-573, 241, 163
-547, 204, 168
-598, 241, 164
-624, 240, 165
-597, 202, 172
-649, 239, 166
-674, 238, 166
-648, 201, 172
-699, 238, 166
-724, 237, 165
-698, 199, 168
-749, 236, 164
-774, 235, 162
-748, 198, 162
-799, 235, 159
-825, 234, 154
-798, 196, 154
-850, 233, 149
-875, 232, 143
-849, 195, 143
-900, 232, 137
-925, 231, 130
-899, 193, 129
-950, 230, 124
-975, 234, 119
-949, 192, 116
-1001, 262, 119
-1000, 229, 112
-1008, 276, 121
-1028, 304, 123
-1025, 228, 106
-1006, 200, 104
-999, 186, 103
-973, 158, 106
-998, 152, 99
-948, 154, 110
-947, 116, 105
-923, 155, 116
-898, 155, 122
-896, 117, 116
-873, 156, 130
-847, 157, 137
-846, 119, 132
-822, 158, 144
-797, 158, 149
-796, 120, 145
-772, 159, 154
-747, 160, 159
-746, 122, 155
-722, 161, 163
-697, 161, 167
-696, 123, 164
-672, 162, 170
-646, 163, 173
-645, 125, 172
-621, 164, 176
-596, 164, 177
-595, 126, 179
-571, 165, 178
-546, 166, 177
-545, 128, 182
-521, 167, 175
-496, 167, 173
-495, 129, 182
-471, 168, 172
-446, 169, 171
-444, 131, 182
-420, 170, 168
-395, 170, 166
-394, 132, 178
-370, 171, 162
-345, 172, 159
-344, 134, 170
-320, 173, 156
-295, 173, 153
-294, 135, 164
-270, 174, 151
-245, 175, 149
-243, 137, 162
-219, 176, 148
-194, 176, 145
-193, 138, 160
-169, 177, 143
-144, 178, 142
-143, 140, 157
-119, 179, 141
-94, 179, 142
-93, 141, 156
-69, 180, 143
-44, 181, 144
-42, 143, 155
-19, 182, 145
7, 182, 145
8, 144, 154
32, 183, 145
57, 184, 145
58, 146, 151
82, 185, 144
107, 185, 143
108, 147, 145
132, 186, 143
157, 187, 142
158, 149, 139
182, 188, 141
208, 188, 141
209, 150, 134
233, 189, 143
258, 190, 145
259, 152, 136
283, 191, 148
308, 191, 151
309, 153, 142
333, 192, 154
358, 193, 157
359, 155, 148
383, 194, 162
409, 194, 166
410, 156, 155
434, 195, 170
459, 196, 174
460, 158, 164
484, 197, 179
509, 197, 183
510, 159, 174
534, 198, 186
559, 199, 189
560, 161, 183
584, 200, 192
609, 200, 194
611, 162, 189
635, 201, 196
660, 202, 198
661, 164, 193
685, 203, 200
710, 203, 201
711, 165, 197
735, 204, 201
760, 205, 201
761, 167, 200
785, 206, 201
810, 206, 200
812, 168, 202
836, 207, 198
861, 208, 196
862, 170, 202
886, 209, 193
911, 210, 188
912, 171, 198
936, 210, 183
964, 208, 178
965, 169, 191
986, 214, 170
994, 234, 160
995, 200, 173
998, 241, 157
993, 255, 153
997, 279, 147
999, 203, 172
995, 179, 182
1000, 164, 185
996, 157, 188
988, 138, 194
998, 124, 194
966, 131, 198
938, 134, 200
967, 93, 201
913, 133, 202
888, 132, 203
914, 95, 202
863, 132, 203
838, 131, 201
864, 94, 199
813, 130, 200
788, 129, 198
814, 92, 194
762, 129, 196
737, 128, 193
764, 90, 189
712, 127, 191
687, 126, 189
713, 89, 183
662, 126, 186
637, 125, 184
663, 87, 177
612, 124, 181
587, 123, 178
613, 86, 171
562, 123, 174
536, 122, 169
563, 84, 163
511, 121, 164
486, 120, 159
512, 83, 154
461, 120, 155
436, 119, 150
462, 81, 146
411, 118, 147
386, 117, 144
412, 80, 139
361, 117, 141
335, 116, 138
362, 78, 133
310, 115, 134
285, 114, 130
311, 77, 127
260, 114, 127
235, 113, 127
261, 75, 121
210, 112, 128
185, 111, 132
211, 74, 125
160, 111, 137
134, 110, 142
161, 72, 137
109, 109, 148
84, 108, 152
111, 71, 151
59, 107, 156
34, 107, 159
60, 69, 162
9, 106, 161
-16, 105, 163
10, 68, 168
-41, 104, 165
-66, 104, 166
-40, 66, 173
-92, 103, 167
-117, 102, 168
-90, 65, 176
-142, 101, 170
-167, 101, 171
-141, 63, 182
-192, 100, 173
-217, 99, 175
-191, 62, 187
-242, 98, 175
-267, 98, 176
-241, 60, 189
-293, 97, 177
-318, 96, 180
-291, 59, 192
-343, 95, 183
-368, 95, 187
-342, 57, 196
-393, 94, 189
-418, 93, 190
-392, 56, 198
-443, 92, 190
-468, 92, 189
-442, 54, 195
-493, 91, 187
-519, 90, 185
-492, 53, 189
-544, 89, 184
-569, 89, 182
-543, 51, 184
-594, 88, 178
-619, 87, 174
-593, 50, 176
-644, 86, 169
-669, 86, 165
-643, 48, 166
-694, 85, 160
-720, 84, 156
-693, 47, 156
-745, 83, 151
-770, 83, 146
-744, 45, 146
-795, 82, 140
-820, 81, 133
-794, 44, 135
-845, 80, 125
-870, 80, 118
-844, 42, 121
-895, 79, 111
-920, 78, 105
-894, 41, 107
-946, 77, 101
-971, 81, 97
-944, 39, 99
-997, 109, 94
-996, 76, 93
-1004, 123, 94
-1023, 152, 93
-1021, 75, 89
-1001, 47, 91
-995, 33, 93
-969, 5, 98
-994, 0, 97
-943, 1, 100
-942, -37, 104
-918, 2, 102
-893, 3, 106
-892, -36, 107
-868, 3, 111
-843, 4, 118
-842, -34, 117
-818, 5, 125
-793, 6, 132
-791, -33, 130
-767, 6, 138
-742, 7, 144
-741, -31, 143
-717, 8, 149
-692, 9, 154
-691, -30, 154
-667, 9, 160
-642, 10, 165
-641, -28, 165
-617, 11, 170
-592, 12, 175
-591, -27, 175
-567, 12, 180
-541, 13, 184
-540, -25, 185
-516, 14, 187
-491, 15, 191
-490, -24, 193
-466, 15, 195
-441, 16, 199
-440, -22, 202
-416, 17, 203
-391, 18, 206
-390, -21, 210
-366, 18, 207
-340, 19, 207
-339, -19, 215
-315, 20, 205
-290, 21, 205
-289, -18, 216
-265, 21, 204
-240, 22, 203
-239, -16, 215
-215, 23, 202
-190, 24, 200
-189, -15, 212
-165, 24, 197
-140, 25, 194
-138, -13, 206
-114, 26, 191
-89, 27, 187
-88, -12, 198
-64, 27, 184
-39, 28, 182
-38, -10, 192
-14, 29, 180
11, 30, 177
12, -8, 186
36, 30, 173
61, 31, 169
63, -7, 177
87, 32, 164
112, 33, 157
113, -5, 164
137, 33, 149
162, 34, 140
163, -4, 146
187, 35, 132
212, 36, 125
213, -2, 128
237, 36, 120
262, 37, 117
264, -1, 116
287, 38, 118
313, 39, 120
314, 1, 115
338, 39, 123
363, 40, 125
364, 2, 118
388, 41, 128
413, 42, 130
414, 4, 121
438, 42, 133
463, 43, 136
464, 5, 126
488, 44, 139
514, 45, 143
515, 7, 132
539, 46, 147
564, 46, 151
565, 8, 139
589, 47, 156
614, 48, 159
615, 10, 147
639, 49, 163
664, 49, 166
665, 11, 154
689, 50, 170
715, 51, 173
716, 13, 161
740, 52, 177
765, 52, 181
766, 14, 169
790, 53, 184
815, 54, 186
816, 16, 176
840, 55, 189
865, 55, 192
866, 17, 182
890, 56, 195
915, 57, 197
917, 19, 189
941, 58, 198
968, 55, 200
969, 17, 193
991, 62, 200
999, 81, 200
1000, 47, 198
1002, 88, 199
997, 102, 199
1001, 126, 193
1004, 50, 198
1000, 26, 197
1005, 12, 194
1001, 5, 193
993, -15, 187
1002, -29, 183
970, -21, 184
943, -19, 181
972, -60, 171
918, -19, 177
893, -20, 173
919, -58, 164
868, -21, 169
842, -22, 166
869, -59, 156
817, -22, 163
792, -23, 161
818, -61, 149
767, -24, 156
742, -25, 152
768, -62, 142
717, -26, 148
692, -26, 143
718, -64, 133
667, -27, 140
641, -28, 137
668, -65, 127
616, -29, 134
591, -29, 131
617, -67, 122
566, -30, 128
541, -31, 125
567, -68, 117
516, -32, 122
491, -32, 119
517, -70, 112
466, -33, 116
441, -34, 114
467, -71, 106
415, -35, 112
390, -35, 110
417, -73, 103
365, -36, 110
340, -37, 110
366, -74, 103
315, -38, 110
290, -38, 113
316, -76, 109
265, -39, 117
240, -40, 123
266, -77, 120
214, -41, 132
189, -41, 142
216, -79, 139
164, -42, 153
139, -43, 163
165, -80, 160
114, -44, 173
89, -44, 180
115, -82, 181
64, -45, 186
39, -46, 191
65, -83, 196
13, -47, 196
-12, -47, 200
15, -85, 206
-37, -48, 202
-62, -49, 206
-36, -86, 214
-87, -50, 210
-112, -50, 214
-86, -88, 222
-137, -51, 218
-162, -52, 221
-136, -89, 229
-187, -53, 224
-213, -53, 225
-186, -91, 233
-238, -54, 226
-263, -55, 226
-237, -92, 233
-288, -56, 225
-313, -56, 223
-287, -94, 229
-338, -57, 220
-363, -58, 216
-337, -95, 222
-388, -59, 212
-414, -59, 208
-387, -97, 214
-439, -60, 204
-464, -61, 200
-438, -98, 206
-489, -62, 195
-514, -62, 190
-488, -100, 198
-539, -63, 186
-564, -64, 181
-538, -101, 189
-589, -65, 177
-614, -65, 171
-588, -103, 178
-640, -66, 166
-665, -67, 160
-638, -104, 168
-690, -68, 155
-715, -68, 149
-689, -106, 157
-740, -69, 143
-765, -70, 137
-739, -107, 145
-790, -71, 130
-815, -71, 124
-789, -109, 133
-841, -72, 118
-866, -73, 113
-839, -110, 122
-891, -74, 112
-916, -74, 112
-890, -112, 119
-941, -75, 112
-966, -71, 111
-940, -113, 121
-992, -43, 104
-991, -77, 113
-999, -29, 101
-1019, -1, 97
-1016, -77, 113
-997, -106, 120
-990, -120, 124
-964, -148, 130
-989, -153, 133
-939, -152, 130
-938, -190, 139
-914, -151, 128
-889, -150, 126
-887, -188, 134
-863, -149, 126
-838, -149, 128
-837, -187, 135
-813, -148, 132
-788, -147, 137
-787, -185, 143
-763, -146, 143
-738, -146, 149
-737, -184, 153
-713, -145, 154
-688, -144, 159
-686, -182, 163
-662, -143, 164
-637, -143, 169
-636, -181, 172
-612, -142, 174
-587, -141, 179
-586, -179, 182
-562, -140, 185
-537, -140, 191
-536, -178, 193
-512, -139, 197
-487, -138, 201
-485, -176, 204
-461, -137, 206
-436, -137, 209
-435, -175, 211
-411, -136, 213
-386, -135, 216
-385, -173, 217
-361, -134, 219
-336, -134, 223
-335, -172, 223
-311, -133, 227
-286, -132, 230
-285, -170, 228
-261, -131, 233
-235, -131, 235
-234, -169, 233
-210, -130, 236
-185, -129, 237
-184, -167, 236
-160, -128, 237
-135, -127, 236
-134, -166, 238
-110, -127, 234
-85, -126, 232
-84, -164, 238
-60, -125, 229
-34, -124, 226
-33, -163, 236
-9, -124, 223
16, -123, 218
17, -161, 229
41, -122, 212
66, -121, 205
67, -160, 213
91, -121, 197
116, -120, 187
117, -158, 193
141, -119, 177
166, -118, 166
168, -157, 170
192, -118, 155
217, -117, 144
218, -155, 149
242, -116, 133
267, -115, 123
268, -154, 128
292, -115, 115
317, -114, 108
318, -152, 111
342, -113, 103
367, -112, 99
369, -151, 99
393, -112, 97
418, -111, 96
419, -149, 92
443, -110, 96
468, -109, 97
469, -148, 89
493, -109, 99
518, -108, 101
519, -146, 90
543, -107, 103
568, -106, 106
570, -145, 93
594, -106, 108
619, -105, 110
620, -143, 98
644, -104, 112
669, -103, 114
670, -142, 101
694, -103, 116
719, -102, 119
720, -140, 105
744, -101, 123
769, -100, 127
771, -138, 112
794, -100, 131
820, -99, 134
821, -137, 119
845, -98, 137
870, -97, 140
871, -135, 125
895, -97, 144
920, -96, 148
921, -134, 133
945, -95, 153
973, -98, 156
974, -136, 140
995, -91, 162
1003, -72, 170
1004, -105, 156
1007, -64, 172
1002, -50, 177
1006, -26, 183
1008, -103, 157
1004, -127, 147
1009, -141, 141
1006, -148, 139
998, -167, 129
1007, -181, 124
975, -174, 123
947, -171, 122
976, -212, 108
922, -172, 118
897, -173, 113
924, -210, 103
872, -174, 110
847, -174, 107
873, -212, 96
822, -175, 103
797, -176, 100
823, -213, 90
772, -177, 97
747, -177, 94
773, -215, 84
721, -178, 92
696, -179, 91
723, -216, 81
671, -180, 89
646, -180, 87
672, -218, 78
621, -181, 85
596, -182, 83
622, -219, 74
571, -183, 80
546, -183, 79
572, -221, 71
520, -184, 80
495, -185, 82
522, -222, 76
470, -186, 86
445, -186, 89
471, -224, 87
420, -187, 93
395, -188, 98
421, -225, 98
370, -189, 104
345, -189, 110
371, -227, 111
319, -190, 117
294, -191, 124
321, -228, 123
269, -192, 133
244, -193, 142
270, -230, 138
219, -193, 152
194, -194, 162
220, -231, 155
169, -195, 172
144, -196, 184
170, -233, 175
119, -196, 195
93, -197, 207
120, -234, 199
68, -198, 218
43, -199, 227
69, -236, 221
18, -199, 233
-7, -200, 236
19, -237, 233
-32, -201, 237
-57, -202, 236
-31, -239, 233
-82, -202, 235
-108, -203, 235
-81, -240, 230
-133, -204, 234
-158, -205, 232
-132, -242, 227
-183, -205, 231
-208, -206, 228
-182, -243, 223
-233, -207, 226
-258, -208, 225
-232, -245, 219
-283, -208, 223
-308, -209, 221
-282, -246, 216
-334, -210, 218
-359, -211, 217
-332, -248, 214
-384, -211, 215
-409, -212, 214
-383, -250, 213
-434, -213, 212
-459, -214, 209
-433, -251, 211
-484, -214, 206
-509, -215, 202
-483, -253, 207
-535, -216, 196
-560, -217, 191
-533, -254, 200
-585, -217, 186
-610, -218, 181
-584, -256, 191
-635, -219, 176
-660, -220, 172
-634, -257, 181
-685, -220, 167
-710, -221, 163
-684, -259, 172
-736, -222, 158
-761, -223, 153
-734, -260, 163
-786, -223, 148
-811, -224, 144
-785, -262, 154
-836, -225, 142
-861, -226, 141
-835, -263, 149
-886, -226, 143
-911, -227, 146
-885, -265, 152
-936, -228, 149
-962, -224, 150
-935, -266, 158
-988, -196, 145
-987, -229, 154
-994, -182, 141
-1014, -154, 134
-1012, -230, 156
-992, -258, 162
-985, -272, 166
-959, -300, 169
-984, -306, 173
-934, -304, 166
-933, -342, 173
-909, -303, 162
-884, -303, 159
-883, -341, 165
-859, -302, 156
-834, -301, 156
-833, -339, 161
-809, -300, 156
-783, -300, 159
-782, -338, 164
-758, -299, 163
-733, -298, 167
-732, -336, 171
-708, -297, 171
-683, -297, 176
-682, -335, 180
-658, -296, 180
-633, -295, 185
-632, -333, 189
-608, -294, 189
-583, -294, 195
-581, -332, 199
-557, -293, 200
-532, -292, 204
-531, -330, 207
-507, -291, 206
-482, -291, 207
-481, -329, 207
-457, -290, 208
-432, -289, 208
-431, -327, 205
-407, -288, 208
-382, -288, 209
-380, -326, 204
-356, -287, 209
-331, -286, 209
-330, -324, 204
-306, -285, 209
-281, -285, 209
-280, -323, 203
-256, -284, 211
-231, -283, 213
-230, -321, 206
-206, -282, 215
-181, -282, 217
-179, -320, 211
-155, -281, 219
-130, -280, 222
-129, -318, 216
-105, -279, 223
-80, -279, 226
-79, -317, 221
-55, -278, 227
-30, -277, 230
-29, -315, 225
-5, -276, 231
20, -276, 231
21, -314, 228
45, -275, 229
71, -274, 223
72, -312, 224
96, -273, 214
121, -273, 203
122, -311, 208
146, -272, 191
171, -271, 180
172, -309, 186
196, -270, 169
221, -270, 159
222, -308, 165
246, -269, 150
272, -268, 143
273, -306, 149
297, -267, 136
322, -267, 129
323, -305, 136
347, -266, 124
372, -265, 118
373, -303, 124
397, -264, 111
422, -264, 105
423, -302, 112
447, -263, 99
473, -262, 93
474, -300, 100
498, -261, 86
523, -261, 80
524, -299, 87
548, -260, 74
573, -259, 69
574, -297, 73
598, -258, 67
623, -258, 68
624, -296, 66
648, -257, 69
673, -256, 71
675, -294, 66
699, -255, 72
724, -254, 74
725, -293, 67
749, -254, 75
774, -253, 76
775, -291, 70
799, -252, 78
824, -251, 81
825, -290, 74
849, -251, 84
874, -250, 85
876, -288, 76
900, -249, 87
925, -248, 90
926, -287, 79
950, -248, 94
977, -250, 95
979, -289, 82
1000, -244, 98
1008, -224, 105
1009, -258, 94
1012, -217, 108
1007, -203, 113
1011, -179, 124
1013, -255, 94
1009, -279, 86
1014, -293, 81
1010, -301, 79
1002, -320, 73
1011, -334, 69
980, -327, 70
952, -324, 69
981, -365, 58
927, -325, 67
902, -326, 67
928, -363, 57
877, -326, 67
852, -327, 67
878, -364, 58
826, -328, 65
801, -329, 63
828, -366, 57
776, -329, 62
751, -330, 62
777, -367, 56
726, -331, 61
701, -332, 62
727, -369, 57
676, -332, 63
651, -333, 65
677, -370, 63
626, -334, 68
600, -335, 73
627, -372, 72
575, -335, 79
550, -336, 87
576, -374, 86
525, -337, 94
500, -338, 100
526, -375, 100
475, -338, 107
450, -339, 113
476, -377, 114
425, -340, 120
399, -341, 126
426, -378, 127
374, -341, 132
349, -342, 138
375, -380, 139
324, -343, 144
299, -344, 150
325, -381, 152
274, -344, 156
249, -345, 164
275, -383, 165
224, -346, 174
198, -347, 184
225, -384, 183
173, -347, 195
148, -348, 204
175, -386, 202
123, -349, 213
98, -350, 219
124, -387, 215
73, -350, 223
48, -351, 224
74, -389, 221
23, -352, 224
-2, -353, 223
24, -390, 219
-28, -353, 221
-53, -354, 218
-26, -392, 215
-78, -355, 215
-103, -356, 212
-77, -393, 209
-128, -356, 209
-153, -357, 206
-127, -395, 202
-178, -358, 204
-203, -359, 201
-177, -396, 197
-229, -359, 199
-254, -360, 197
-227, -398, 192
-279, -361, 197
-304, -362, 197
-278, -399, 190
-329, -362, 198
-354, -363, 200
-328, -401, 194
-379, -364, 201
-404, -365, 202
-378, -402, 199
-430, -365, 204
-455, -366, 206
-428, -404, 204
-480, -367, 209
-505, -368, 211
-479, -405, 211
-530, -368, 210
-555, -369, 208
-529, -407, 213
-580, -370, 203
-605, -371, 198
-579, -408, 207
-630, -371, 194
-656, -372, 189
-629, -410, 199
-681, -373, 185
-706, -374, 180
-680, -411, 190
-731, -374, 176
-756, -375, 173
-730, -413, 182
-781, -376, 170
-806, -377, 167
-780, -414, 175
-831, -377, 167
-857, -378, 169
-830, -416, 173
-882, -379, 172
-907, -380, 176
-881, -417, 180
-932, -380, 181
-957, -376, 183
-931, -419, 187
-983, -349, 182
-982, -382, 185
-990, -334, 180
-1010, -306, 175
-1007, -383, 184
-988, -411, 187
-981, -425, 187
-955, -453, 190
-980, -458, 187
-930, -457, 191
-929, -495, 192
-905, -456, 189
-879, -455, 186
-878, -493, 192
-854, -455, 183
-829, -454, 180
-828, -492, 187
-804, -453, 179
-779, -452, 180
-778, -490, 186
-754, -452, 183
-729, -451, 187
-728, -489, 191
-704, -450, 191
-678, -449, 195
-677, -487, 199
-653, -449, 199
-628, -448, 204
-627, -486, 207
-603, -447, 208
-578, -446, 212
-577, -484, 214
-553, -446, 215
-528, -445, 216
-527, -483, 219
-503, -444, 216
-477, -443, 214
-476, -481, 216
-452, -443, 210
-427, -442, 206
-426, -480, 208
-402, -441, 202
-377, -440, 198
-376, -478, 198
-352, -440, 194
-327, -439, 190
-326, -477, 189
-302, -438, 187
-277, -437, 185
-275, -475, 180
-251, -437, 184
-226, -436, 185
-225, -474, 178
-201, -435, 187
-176, -434, 189
-175, -472, 181
-151, -434, 192
-126, -433, 195
-125, -471, 188
-101, -432, 198
-76, -431, 202
-74, -469, 195
-50, -431, 206
-25, -430, 209
-24, -468, 202
0, -429, 212
25, -428, 214
26, -466, 209
50, -428, 216
75, -427, 218
76, -465, 214
100, -426, 218
125, -425, 216
127, -463, 215
151, -424, 213
176, -424, 207
177, -462, 209
201, -423, 200
226, -422, 191
227, -460, 197
251, -421, 182
276, -421, 174
277, -459, 180
301, -420, 166
326, -419, 159
328, -457, 165
351, -418, 152
377, -418, 145
378, -456, 151
402, -417, 139
427, -416, 134
428, -454, 139
452, -415, 127
477, -415, 121
478, -453, 126
502, -414, 114
527, -413, 106
528, -451, 112
552, -412, 99
578, -412, 92
579, -450, 98
603, -411, 85
628, -410, 78
629, -448, 82
653, -409, 71
678, -409, 65
679, -447, 68
703, -408, 59
728, -407, 55
729, -445, 56
753, -406, 53
779, -406, 51
780, -444, 48
804, -405, 50
829, -404, 50
830, -442, 44
854, -403, 50
879, -403, 50
880, -441, 42
904, -402, 48
929, -401, 48
930, -439, 39
954, -400, 48
982, -403, 48
983, -441, 38
1005, -396, 50
1013, -377, 56
1014, -410, 46
1016, -370, 57
1011, -356, 62
1015, -332, 69
1017, -408, 47
1013, -432, 40
1019, -446, 37
1015, -453, 35
1007, -473, 30
1016, -487, 27
984, -479, 28
957, -477, 29
985, -518, 19
932, -477, 30
906, -478, 32
933, -516, 22
881, -479, 34
856, -480, 37
882, -517, 29
831, -480, 39
806, -481, 43
832, -519, 36
781, -482, 47
756, -483, 52
782, -520, 47
731, -483, 58
705, -484, 64
732, -522, 59
680, -485, 71
655, -486, 78
682, -523, 72
630, -486, 86
605, -487, 94
631, -525, 87
580, -488, 102
555, -489, 109
581, -526, 104
530, -489, 116
505, -490, 124
531, -528, 118
479, -491, 131
454, -492, 137
481, -529, 132
429, -493, 143
404, -493, 148
430, -531, 143
379, -494, 154
354, -495, 161
380, -532, 154
329, -496, 168
304, -496, 175
330, -534, 167
278, -497, 183
253, -498, 191
280, -535, 182
228, -499, 198
203, -499, 204
229, -537, 195
178, -500, 208
153, -501, 211
179, -538, 204
128, -502, 212
103, -502, 211
129, -540, 206
77, -503, 209
52, -504, 206
79, -541, 203
27, -505, 202
2, -505, 199
28, -543, 195
-23, -506, 196
-48, -507, 192
-22, -544, 188
-73, -508, 188
-98, -508, 184
-72, -546, 180
-124, -509, 180
-149, -510, 177
-122, -547, 173
-174, -511, 174
-199, -511, 173
-173, -549, 169
-224, -512, 173
-249, -513, 174
-223, -550, 169
-274, -514, 178
-299, -514, 183
-273, -552, 177
-324, -515, 189
-350, -516, 194
-323, -553, 190
-375, -517, 200
-400, -517, 205
-374, -555, 201
-425, -518, 210
-450, -519, 214
-424, -556, 211
-475, -520, 217
-500, -520, 220
-474, -558, 217
-525, -521, 220
-551, -522, 218
-524, -559, 219
-576, -523, 216
-601, -523, 213
-575, -561, 214
-626, -524, 210
-651, -525, 206
-625, -562, 209
-676, -526, 202
-701, -526, 199
-675, -564, 203
-726, -527, 195
-752, -528, 193
-725, -565, 199
-777, -529, 192
-802, -529, 193
-776, -567, 199
-827, -530, 194
-852, -531, 195
-826, -568, 200
-877, -532, 196
-902, -532, 195
-876, -570, 197
-927, -533, 191
-953, -529, 187
-926, -571, 189
-979, -501, 184
-978, -535, 181
-985, -487, 184
-1005, -459, 182
-1003, -535, 175
-983, -563, 177
-976, -578, 177
-950, -605, 180
-975, -611, 173
-925, -609, 185
-924, -648, 180
-900, -609, 190
-875, -608, 195
-874, -646, 191
-850, -607, 199
-825, -606, 203
-823, -645, 200
-799, -606, 204
-774, -605, 204
-773, -643, 206
-749, -604, 204
-724, -603, 202
-723, -642, 204
-699, -603, 201
-674, -602, 201
-673, -640, 198
-649, -601, 202
-624, -600, 204
-623, -639, 197
-599, -600, 206
-573, -599, 208
-572, -637, 198
-548, -598, 210
-523, -597, 213
-522, -636, 204
-498, -597, 215
-473, -596, 215
-472, -634, 209
-448, -595, 213
-423, -594, 210
-422, -633, 207
-398, -594, 206
-372, -593, 201
-371, -631, 201
-347, -592, 196
-322, -591, 191
-321, -630, 192
-297, -591, 186
-272, -590, 179
-271, -628, 182
-247, -589, 172
-222, -588, 168
-221, -627, 169
-197, -588, 165
-171, -587, 164
-170, -625, 163
-146, -586, 165
-121, -585, 166
-120, -624, 161
-96, -585, 169
-71, -584, 172
-70, -622, 164
-46, -583, 175
-21, -582, 178
-20, -621, 169
4, -582, 182
30, -581, 187
31, -619, 177
55, -580, 192
80, -579, 196
81, -618, 186
105, -579, 198
130, -578, 199
131, -616, 189
155, -577, 198
180, -576, 196
181, -615, 186
205, -576, 193
230, -575, 188
232, -613, 177
256, -574, 182
281, -573, 175
282, -612, 165
306, -573, 167
331, -572, 160
332, -610, 150
356, -571, 154
381, -570, 149
382, -609, 139
406, -570, 144
431, -569, 139
433, -607, 131
457, -568, 135
482, -567, 129
483, -605, 123
507, -567, 123
532, -566, 117
533, -604, 111
557, -565, 109
582, -564, 102
583, -602, 97
607, -564, 94
632, -563, 84
634, -601, 80
658, -562, 75
683, -561, 67
684, -599, 62
708, -561, 60
733, -560, 54
734, -598, 49
758, -559, 48
783, -558, 43
784, -596, 38
808, -558, 37
833, -557, 32
835, -595, 30
859, -556, 29
884, -555, 25
885, -593, 24
909, -554, 22
934, -554, 17
935, -592, 16
959, -553, 14
987, -556, 11
988, -594, 9
1009, -549, 13
1017, -530, 17
1018, -563, 11
1021, -522, 18
1016, -508, 21
1020, -484, 27
1022, -561, 11
1018, -585, 6
1023, -599, 6
1020, -606, 6
1011, -625, 10
1021, -639, 12
989, -632, 13
961, -629, 17
990, -670, 19
936, -630, 21
911, -631, 26
937, -668, 28
886, -632, 28
861, -632, 31
887, -670, 34
836, -633, 32
811, -634, 34
837, -671, 37
785, -635, 37
760, -635, 42
787, -673, 40
735, -636, 46
710, -637, 52
736, -674, 46
685, -638, 58
660, -638, 64
686, -676, 54
635, -639, 72
610, -640, 80
636, -677, 65
584, -641, 86
559, -641, 93
586, -679, 77
534, -642, 99
509, -643, 105
535, -680, 88
484, -644, 110
459, -644, 115
485, -682, 99
434, -645, 119
409, -646, 123
435, -683, 108
384, -647, 127
358, -647, 132
385, -685, 116
333, -648, 138
308, -649, 145
334, -686, 126
283, -650, 151
258, -650, 158
284, -688, 139
233, -651, 164
208, -652, 169
234, -689, 151
183, -653, 173
157, -653, 176
184, -691, 160
132, -654, 178
107, -655, 177
133, -692, 165
82, -656, 175
57, -656, 171
83, -694, 163
32, -657, 167
7, -658, 163
33, -695, 157
-18, -659, 161
-44, -659, 159
-17, -697, 154
-69, -660, 158
-94, -661, 158
-68, -698, 156
-119, -662, 159
-144, -663, 161
-118, -700, 161
-169, -663, 165
-194, -664, 168
-168, -701, 168
-219, -665, 174
-245, -666, 180
-218, -703, 178
-270, -666, 185
-295, -667, 189
-269, -704, 186
-320, -668, 192
-345, -669, 195
-319, -706, 190
-370, -669, 198
-395, -670, 200
-369, -707, 192
-420, -671, 200
-446, -672, 200
-419, -709, 192
-471, -672, 200
-496, -673, 197
-469, -710, 188
-521, -674, 192
-546, -675, 188
-520, -712, 180
-571, -675, 187
-596, -676, 187
-570, -713, 176
-621, -677, 188
-646, -678, 189
-620, -715, 178
-672, -678, 192
-697, -679, 196
-670, -716, 184
-722, -680, 199
-747, -681, 201
-721, -718, 190
-772, -681, 201
-797, -682, 198
-771, -719, 191
-822, -683, 194
-847, -684, 189
-821, -721, 184
-873, -684, 184
-898, -685, 179
-871, -722, 176
-923, -686, 174
-948, -682, 168
-922, -724, 166
-974, -654, 167
-973, -687, 161
-981, -640, 167
-1000, -612, 166
-998, -688, 155
-978, -716, 155
-972, -730, 154
-946, -758, 153
-971, -764, 147
-921, -762, 157
-919, -800, 147
-895, -761, 162
-870, -761, 166
-869, -799, 155
-845, -760, 170
-820, -759, 173
-819, -797, 161
-795, -758, 177
-770, -758, 180
-769, -796, 167
-745, -757, 181
-720, -756, 180
-718, -794, 168
-694, -755, 177
-669, -755, 174
-668, -793, 162
-644, -754, 170
-619, -753, 168
-618, -791, 157
-594, -752, 167
-569, -752, 166
-568, -790, 155
-544, -751, 166
-519, -750, 169
-517, -788, 159
-493, -749, 173
-468, -749, 177
-467, -787, 166
-443, -748, 180
-418, -747, 182
-417, -785, 172
-393, -746, 184
-368, -746, 185
-367, -784, 177
-343, -745, 185
-318, -744, 186
-316, -782, 180
-292, -743, 186
-267, -743, 185
-266, -781, 182
-242, -742, 183
-217, -741, 180
-216, -779, 180
-192, -740, 176
-167, -740, 171
-166, -778, 174
-142, -739, 168
-117, -738, 164
-116, -776, 167
-92, -737, 160
-66, -737, 156
-65, -775, 159
-41, -736, 153
-16, -735, 151
-15, -773, 151
9, -734, 149
34, -734, 150
35, -772, 145
59, -733, 151
84, -732, 152
85, -770, 144
109, -731, 152
135, -731, 152
136, -769, 142
160, -730, 150
185, -729, 147
186, -767, 137
210, -728, 143
235, -728, 139
236, -766, 130
260, -727, 133
285, -726, 128
286, -764, 121
310, -725, 122
336, -725, 116
337, -763, 111
361, -724, 111
386, -723, 107
387, -761, 103
411, -722, 104
436, -721, 100
437, -760, 98
461, -721, 97
486, -720, 94
487, -758, 93
511, -719, 90
537, -718, 85
538, -757, 88
562, -718, 81
587, -717, 76
588, -755, 80
612, -716, 72
637, -715, 67
638, -754, 73
662, -715, 62
687, -714, 58
688, -752, 66
712, -713, 55
738, -712, 52
739, -751, 61
763, -712, 50
788, -711, 48
789, -749, 58
813, -710, 46
838, -709, 44
839, -748, 53
863, -709, 42
888, -708, 41
889, -746, 47
913, -707, 38
938, -706, 33
940, -745, 39
964, -706, 28
991, -708, 23
992, -747, 27
1014, -702, 19
1022, -682, 16
1023, -716, 18
1026, -675, 15
1020, -661, 14
1024, -637, 11
1027, -713, 17
1023, -737, 20
1028, -751, 20
1024, -759, 22
1016, -778, 26
1025, -792, 25
993, -785, 32
966, -782, 38
995, -823, 37
941, -783, 44
916, -783, 49
942, -821, 49
891, -784, 54
865, -785, 58
892, -822, 60
840, -786, 63
815, -786, 66
841, -824, 70
790, -787, 68
765, -788, 70
791, -825, 78
740, -789, 71
715, -789, 73
741, -827, 82
690, -790, 76
664, -791, 78
691, -828, 87
639, -792, 81
614, -793, 85
640, -830, 93
589, -793, 89
564, -794, 92
590, -831, 100
539, -795, 96
514, -796, 98
540, -833, 107
489, -796, 100
463, -797, 102
490, -834, 111
438, -798, 104
413, -799, 106
439, -836, 114
388, -799, 107
363, -800, 110
389, -837, 117
338, -801, 114
313, -802, 117
339, -839, 121
288, -802, 121
262, -803, 124
289, -841, 126
237, -804, 127
212, -805, 130
239, -842, 130
187, -805, 133
162, -806, 136
188, -844, 133
137, -807, 138
112, -808, 140
138, -845, 138
87, -808, 141
61, -809, 143
88, -847, 143
36, -810, 145
11, -811, 149
38, -848, 148
-14, -811, 153
-39, -812, 157
-13, -850, 155
-64, -813, 161
-89, -814, 165
-63, -851, 163
-114, -814, 168
-139, -815, 171
-113, -853, 168
-165, -816, 174
-190, -817, 176
-163, -854, 172
-215, -817, 178
-240, -818, 179
-214, -856, 174
-265, -819, 178
-290, -820, 176
-264, -857, 172
-315, -820, 173
-340, -821, 171
-314, -859, 167
-366, -822, 168
-391, -823, 165
-364, -860, 160
-416, -823, 162
-441, -824, 159
-415, -862, 153
-466, -825, 156
-491, -826, 153
-465, -863, 146
-516, -826, 149
-541, -827, 146
-515, -865, 138
-567, -828, 145
-592, -829, 145
-565, -866, 134
-617, -829, 146
-642, -830, 149
-616, -868, 136
-667, -831, 151
-692, -832, 154
-666, -869, 141
-717, -832, 155
-742, -833, 156
-716, -871, 144
-768, -834, 154
-793, -835, 152
-766, -872, 141
-818, -835, 149
-843, -836, 146
-817, -874, 137
-868, -837, 143
-893, -838, 140
-867, -875, 132
-918, -838, 137
-944, -834, 135
-917, -877, 127
-970, -807, 138
-969, -840, 130
-976, -792, 140
-996, -764, 142
-994, -841, 127
-974, -869, 124
-967, -883, 122
-941, -911, 117
-966, -916, 114
-916, -915, 118
-915, -953, 108
-891, -914, 119
-866, -913, 121
-865, -951, 111
-841, -913, 123
-816, -912, 126
-814, -950, 116
-790, -911, 129
-765, -910, 131
-764, -948, 121
-740, -910, 132
-715, -909, 133
-714, -947, 124
-690, -908, 133
-665, -907, 131
-664, -945, 123
-640, -907, 129
-615, -906, 127
-613, -944, 119
-589, -905, 125
-564, -904, 124
-563, -942, 114
-539, -904, 124
-514, -903, 127
-513, -941, 117
-489, -902, 131
-464, -901, 135
-463, -939, 125
-439, -900, 139
-414, -900, 143
-412, -938, 134
-388, -899, 147
-363, -898, 151
-362, -936, 143
-338, -897, 156
-313, -897, 160
-312, -935, 152
-288, -896, 163
-263, -895, 166
-262, -933, 158
-238, -894, 168
-213, -894, 168
-211, -932, 161
-187, -893, 168
-162, -892, 168
-161, -930, 162
-137, -891, 167
-112, -891, 167
-111, -929, 163
-87, -890, 166
-62, -889, 164
-61, -927, 163
-37, -888, 162
-12, -888, 159
-10, -926, 161
14, -887, 156
39, -886, 153
40, -924, 157
64, -885, 150
89, -885, 147
90, -923, 153
114, -884, 144
139, -883, 142
140, -921, 149
164, -882, 140
189, -882, 139
191, -920, 147
215, -881, 138
240, -880, 138
241, -918, 148
265, -879, 138
290, -879, 136
291, -917, 149
315, -878, 135
340, -877, 134
341, -915, 148
365, -876, 133
390, -876, 131
392, -914, 146
416, -875, 129
441, -874, 128
442, -912, 142
466, -873, 126
491, -873, 125
492, -911, 139
516, -872, 122
541, -871, 120
542, -909, 134
566, -870, 116
591, -870, 113
593, -908, 127
616, -869, 109
642, -868, 105
643, -906, 118
667, -867, 101
692, -867, 98
693, -905, 109
717, -866, 95
742, -865, 92
743, -903, 101
767, -864, 90
792, -864, 87
793, -902, 92
817, -863, 82
843, -862, 76
844, -900, 80
868, -861, 70
893, -861, 64
894, -899, 66
918, -860, 58
943, -859, 52
944, -897, 53
968, -858, 47
996, -861, 40
997, -899, 40
1018, -854, 33
1026, -835, 29
1027, -868, 31
1030, -828, 27
1025, -814, 28
1029, -790, 24
1031, -866, 30
1027, -890, 33
1032, -904, 31
1029, -911, 32
1021, -931, 32
1030, -946, 28
998, -942, 36
971, -939, 43
1000, -972, 31
946, -940, 49
920, -941, 55
950, -973, 43
895, -942, 63
870, -942, 70
899, -975, 58
845, -943, 79
820, -944, 87
849, -976, 75
795, -945, 94
770, -945, 100
799, -978, 93
745, -946, 106
719, -947, 111
749, -979, 108
694, -948, 117
669, -948, 123
698, -981, 122
644, -949, 129
619, -950, 135
648, -982, 137
594, -951, 140
569, -951, 143
598, -984, 149
544, -952, 147
518, -953, 149
548, -986, 156
493, -954, 152
468, -954, 154
497, -987, 161
443, -955, 156
418, -956, 157
447, -989, 165
393, -957, 159
368, -957, 161
397, -990, 170
343, -958, 162
317, -959, 163
347, -992, 173
292, -960, 163
267, -960, 161
296, -993, 173
242, -961, 159
217, -962, 157
246, -995, 168
192, -963, 156
167, -963, 156
196, -996, 164
142, -964, 157
116, -965, 158
146, -998, 163
91, -966, 159
66, -966, 160
95, -999, 162
41, -967, 160
16, -968, 161
45, -1001, 161
-9, -969, 161
-34, -969, 161
-5, -1002, 160
-59, -970, 160
-85, -971, 159
-55, -1004, 157
-110, -972, 158
-135, -972, 156
-106, -1005, 153
-160, -973, 154
-185, -974, 153
-156, -1007, 149
-210, -975, 152
-235, -975, 150
-206, -1008, 144
-260, -976, 148
-286, -977, 146
-256, -1010, 140
-311, -978, 142
-336, -979, 137
-307, -1011, 134
-361, -979, 133
-386, -980, 128
-357, -1013, 125
-411, -981, 123
-436, -982, 118
-407, -1014, 115
-461, -982, 113
-486, -983, 109
-457, -1016, 105
-512, -984, 106
-537, -985, 104
-508, -1017, 98
-562, -985, 106
-587, -986, 108
-558, -1019, 100
-612, -987, 111
-637, -988, 114
-608, -1020, 106
-662, -988, 115
-687, -989, 116
-658, -1022, 109
-713, -990, 114
-738, -991, 113
-709, -1023, 108
-763, -991, 111
-788, -992, 109
-759, -1025, 104
-813, -993, 107
-838, -994, 105
-809, -1026, 100
-863, -994, 102
-888, -995, 100
-859, -1028, 96
-914, -996, 98
-939, -992, 98
-910, -1029, 91
-965, -959, 105
-964, -993, 96
-972, -945, 107
-991, -917, 112
-989, -993, 95
-969, -1026, 88
-960, -1035, 86
-941, -1031, 88
-960, -1031, 87
-931, -1031, 89
-912, -1035, 89
-912, -1030, 90
-890, -1034, 91
-881, -1029, 93
-862, -1033, 94
-862, -1029, 95
-840, -1032, 97
-831, -1028, 99
-812, -1032, 99
-812, -1027, 100
-790, -1031, 101
-780, -1026, 103
-762, -1030, 103
-761, -1026, 104
-740, -1029, 104
-730, -1025, 106
-711, -1029, 106
-711, -1024, 107
-689, -1028, 108
-680, -1023, 109
-661, -1027, 108
-661, -1023, 109
-639, -1026, 108
-630, -1022, 108
-611, -1026, 105
-611, -1021, 106
-589, -1025, 103
-579, -1020, 102
-561, -1024, 99
-560, -1020, 100
-539, -1023, 96
-529, -1019, 97
-510, -1023, 98
-510, -1018, 99
-488, -1022, 99
-479, -1017, 101
-460, -1021, 103
-460, -1017, 104
-438, -1020, 107
-429, -1016, 110
-410, -1020, 113
-410, -1015, 114
-388, -1019, 117
-378, -1014, 120
-360, -1018, 123
-359, -1014, 124
-338, -1017, 127
-328, -1013, 130
-309, -1017, 132
-309, -1012, 133
-287, -1016, 137
-278, -1011, 139
-259, -1015, 138
-259, -1011, 139
-237, -1014, 140
-228, -1010, 142
-209, -1014, 142
-209, -1009, 143
-187, -1013, 145
-177, -1008, 147
-159, -1012, 147
-158, -1008, 148
-137, -1011, 149
-127, -1007, 151
-108, -1011, 152
-108, -1006, 153
-86, -1010, 154
-77, -1005, 156
-58, -1009, 156
-58, -1005, 157
-36, -1008, 158
-27, -1004, 159
-8, -1008, 159
-8, -1003, 159
14, -1007, 160
24, -1002, 160
42, -1006, 161
43, -1002, 161
64, -1005, 161
74, -1001, 161
93, -1004, 163
93, -1000, 162
115, -1004, 164
124, -999, 163
143, -1003, 164
143, -999, 163
165, -1002, 164
174, -998, 163
193, -1001, 165
193, -997, 164
215, -1001, 166
225, -996, 166
243, -1000, 169
244, -996, 168
265, -999, 171
275, -994, 171
294, -998, 174
294, -994, 173
316, -998, 176
325, -993, 175
344, -997, 175
344, -993, 174
366, -996, 174
375, -991, 172
394, -995, 172
394, -991, 170
416, -995, 169
426, -990, 167
444, -994, 167
445, -990, 166
466, -993, 165
476, -988, 163
495, -992, 163
495, -988, 162
517, -992, 161
526, -987, 159
545, -991, 158
545, -987, 156
567, -990, 155
576, -985, 152
595, -989, 151
595, -985, 149
617, -989, 148
627, -984, 144
645, -988, 139
646, -984, 138
667, -987, 133
677, -982, 128
696, -986, 124
696, -982, 123
717, -986, 118
727, -981, 114
746, -985, 110
746, -981, 109
768, -984, 104
777, -979, 100
796, -983, 94
796, -979, 93
818, -983, 87
828, -978, 83
846, -982, 76
846, -978, 76
868, -981, 68
878, -976, 65
897, -980, 59
897, -976, 59
918, -980, 52
928, -975, 49
947, -979, 44
947, -975, 44
969, -978, 37
978, -973, 35
997, -977, 31
997, -973, 31
1021, -977, 26
1025, -972, 25
1028, -975, 25
1029, -972, 25
1030, -969, 25
1034, -942, 27
-969, -1032, 87
-981, -1032, 86
-962, -1032, 87
-1022, 954, 80
